959776410399
959776410241
959776410337
959776410012
959776410383
959776410052
959776410281
959776410374
959776410346
959776410223
959776410137
959776410048
959776410245
959776410310
959776410099
959776410129
959776410184
959776410113
959776410370
959776410308
959776410188
959776410230
959776410357
959776410334
959776410194
959776410279
959776410151
959776410224
959776410301
959776410027
959776410161
959776410358
959776410332
959776410238
959776410297
959776410110
959776410246
959776410149
959776410347
959776410355
959776410037
959776410145
959776410232
959776410159
959776410319
959776410045
959776410280
959776410062
959776410043
959776410393
959776410210
959776410002
959776410365
959776410354
959776410009
959776410068
959776410304
959776410112
959776410290
959776410389
959776410235
959776410193
959776410097
959776410263
959776410103
959776410187
959776410003
959776410126
959776410130
959776410073
959776410076
959776410023
959776410209
959776410313
959776410140
959776410047
959776410325
959776410212
959776410364
959776410116
959776410305
959776410253
959776410298
959776410124
959776410225
959776410165
959776410146
959776410179
959776410267
959776410053
959776410242
959776410089
959776410284
959776410260
959776410028